0.856425 0.352277 0.350938 0.138848
0.856761 0.351158 -0.340504 -0.163421
0.855658 0.353658 -0.154693 -0.344738
0.856354 0.157329 0.341238 -0.354206
0.855738 0.342891 0.159209 -0.353258
0.855228 0.353921 0.154780 -0.345498
0.855428 -0.352958 -0.347912 -0.150402
0.855856 -0.351438 0.144450 0.350907
0.856282 -0.349917 0.141536 -0.352572
0.856704 -0.348396 -0.347802 0.153984
0.856582 -0.347907 -0.347001 -0.157540
0.856926 0.344649 0.164982 -0.345943
0.855842 0.347151 0.349438 -0.157839
0.855413 0.347415 0.350965 0.156190
0.856895 0.145808 -0.347463 0.351767
0.855354 0.351729 0.143492 -0.352231
0.855536 -0.149870 -0.349143 0.351706
0.855805 -0.141180 -0.350517 0.353277
0.855992 -0.353260 0.139053 0.350926
0.857037 0.338151 0.351319 0.166483
0.857163 0.350915 -0.158255 0.342177
0.855972 0.340654 0.160977 0.354052
0.856164 0.155211 -0.342563 -0.354321
0.856952 0.352465 0.129668 -0.352971
0.857045 0.134163 0.353825 -0.349688
0.856764 0.354503 -0.336410 -0.164654
0.856946 0.347502 -0.163716 -0.343631
0.856820 0.157986 -0.342359 0.351697
0.856070 -0.161790 -0.339846 0.354220
0.856880 -0.353036 0.126948 -0.353563
0.856981 -0.344618 0.160619 -0.347883
0.856067 -0.156895 -0.347339 0.349125
0.856158 -0.350637 0.354459 0.135669
0.856333 0.149076 -0.353227 0.345978
0.856163 -0.149035 -0.353565 -0.346071
0.856359 0.351005 0.353415 -0.136171
0.856085 -0.144153 -0.348337 -0.353553
0.856306 -0.347834 0.349394 0.153867
0.856779 0.343908 0.354569 -0.148116
0.856061 -0.136311 0.352295 -0.352800
0.855813 -0.146244 -0.348516 0.353175
0.856325 0.344608 -0.353910 0.150667
0.854998 0.353425 -0.349912 0.147074
0.855590 -0.351029 -0.147130 0.350852
0.855175 0.150519 -0.350759 0.350695
0.856273 -0.153231 -0.350596 -0.346984
0.854917 0.354000 -0.348369 0.149802
0.856559 0.349277 0.353331 -0.139533
0.856669 -0.160192 0.345461 -0.348013
0.856581 0.351210 -0.155503 -0.344585
0.856960 -0.349104 -0.159435 0.343986
0.857001 -0.167127 0.345424 0.343948
0.856670 0.353956 -0.352592 0.128491
0.855769 0.343622 0.159974 -0.352126
0.857097 0.351024 -0.353497 -0.131175
0.855691 -0.352858 -0.138683 -0.352207
0.855828 -0.354069 0.147744 0.346937
0.854853 0.352872 0.146508 -0.351060
0.855645 0.348040 -0.353648 -0.147218
0.856810 0.353497 0.151795 -0.343329
0.856176 -0.347612 -0.154697 -0.349567
0.856899 0.346648 -0.158168 0.347191
0.856905 0.339703 0.164470 -0.351092
0.857043 -0.351982 0.341472 0.158061
0.856591 -0.351484 -0.353293 -0.133769
0.855373 0.155301 0.346106 -0.352747
0.855795 0.352208 -0.152660 -0.346785
0.856325 0.354231 -0.348704 0.140118
0.856570 -0.156127 -0.346157 0.349410
0.856401 0.149769 0.350754 0.348021
0.856304 -0.346862 0.354231 0.144744
0.856593 0.161242 0.340532 0.352544
0.855648 0.351636 -0.145373 -0.350834
0.856723 -0.343378 0.153959 -0.352723
0.855630 0.343605 0.156019 0.354247
0.854174 -0.143667 -0.353359 -0.353388
0.854928 0.349069 0.352913 -0.150667
0.855328 0.353961 0.137098 0.352605
0.856976 -0.145086 0.345261 -0.354029
0.856933 0.348611 0.155854 0.346188
0.856235 -0.131835 0.354177 -0.352192
0.856630 0.146600 0.350766 0.348793
0.855817 -0.154348 -0.353289 -0.344878
0.857158 -0.345271 -0.347158 -0.159839
0.856919 0.151662 0.354669 0.341904
0.856174 0.346033 -0.348209 0.161177
0.857153 0.353618 0.130424 -0.351046
0.857146 -0.138320 0.351605 0.350061
0.855984 -0.354164 -0.134969 -0.351628
0.856506 0.352690 0.138785 -0.350350
0.856016 -0.151392 0.353672 0.345302
0.856019 -0.343105 0.351774 0.160519
0.856871 -0.341417 0.159437 0.351831
0.856572 0.148185 -0.349162 -0.349873
0.855743 0.351783 0.147124 -0.349725
0.856765 0.342822 -0.165775 -0.347773
0.857096 -0.345840 0.149089 0.351501
0.855150 -0.143581 -0.353856 0.350554
0.855186 -0.348845 -0.350576 0.155116
0.856734 0.345073 0.162820 -0.347019
